micronautVersion=4.7.6
micronautGradlePluginVersion=4.4.4

grpcVersion=1.68.1
protobufVersion=3.25.5
exileapiProtobufVersion=33.5.0.1.20260211211723.9ac313171527
exileapiGrpcVersion=1.79.0.1.20260211211723.9ac313171527

org.gradle.jvmargs=-Xmx4G

version=0.0.0-SNAPSHOT
