micronautVersion=4.7.6
micronautGradlePluginVersion=4.4.4

grpcVersion=1.68.1
protobufVersion=3.25.5
exileapiProtobufVersion=33.2.0.1.20260109190133.3e1c433a3569
exileapiGrpcVersion=1.78.0.1.20260109190133.3e1c433a3569

org.gradle.jvmargs=-Xmx4G

version=0.0.0-SNAPSHOT
