micronautVersion=4.7.6
micronautGradlePluginVersion=4.4.4

grpcVersion=1.68.1
protobufVersion=3.25.5
exileapiProtobufVersion=33.0.0.1.20251111211433.c1a55f958202
exileapiGrpcVersion=1.76.0.1.20251111211433.c1a55f958202

org.gradle.jvmargs=-Xmx4G

version=0.0.0-SNAPSHOT
