version=0.5.0-beta

grpcVersion=1.68.1
protobufVersion=3.25.5
exileapiProtobufVersion=34.1.0.1.20260409155737.b9aa1a8dba14
exileapiGrpcVersion=1.80.0.1.20260409155737.b9aa1a8dba14