version=0.3.0-beta

grpcVersion=1.68.1
protobufVersion=3.25.5
exileapiProtobufVersion=34.0.0.1.20260309165519.50251fbd242f
exileapiGrpcVersion=1.79.0.2.20260309165519.50251fbd242f