micronautVersion=4.7.6
micronautGradlePluginVersion=4.4.4

grpcVersion=1.68.1
protobufVersion=3.25.5
exileapiProtobufVersion=33.2.0.1.20251219210550.6d637ab932ca
exileapiGrpcVersion=1.77.0.1.20251219210550.6d637ab932ca

org.gradle.jvmargs=-Xmx4G

version=0.0.0-SNAPSHOT
