grpcVersion=1.81.0
protobufVersion=4.34.1

exileapiProtobufVersion=34.1.0.1.20260520193631.c9a445cfd7df
exileapiGrpcVersion=1.81.0.1.20260520193631.c9a445cfd7df

org.gradle.jvmargs=-Xmx4G

version=0.0.0-SNAPSHOT
