micronautVersion=4.7.6
micronautGradlePluginVersion=4.4.4

grpcVersion=1.68.1
protobufVersion=3.25.5
exileapiProtobufVersion=33.1.0.1.20251126173553.7401d9490883
exileapiGrpcVersion=1.77.0.1.20251126173553.7401d9490883

org.gradle.jvmargs=-Xmx4G

version=0.0.0-SNAPSHOT
