micronautVersion=4.7.6
micronautGradlePluginVersion=4.4.4

grpcVersion=1.68.1
protobufVersion=3.25.5
exileapiProtobufVersion=31.1.0.1.20250801183441.fc008a591d49
exileapiGrpcVersion=1.74.0.1.20250801183441.fc008a591d49

org.gradle.jvmargs=-Xmx4G

version=0.0.0-SNAPSHOT
