grpcVersion=1.80.0
protobufVersion=4.28.3

exileapiProtobufVersion=34.1.0.1.20260409145750.d435050333a1
exileapiGrpcVersion=1.80.0.1.20260409145750.d435050333a1

org.gradle.jvmargs=-Xmx4G

version=0.0.0-SNAPSHOT
