micronautVersion=4.7.6
micronautGradlePluginVersion=4.4.4

grpcVersion=1.68.1
protobufVersion=3.25.5
exileapiProtobufVersion=31.0.0.1.20250516155514.43ebbb95e951
exileapiGrpcVersion=1.72.0.1.20250516155514.43ebbb95e951

org.gradle.jvmargs=-Xmx4G

version=0.0.0-SNAPSHOT
