grpcVersion=1.81.0
protobufVersion=4.34.1

exileapiProtobufVersion=34.1.0.1.20260515150837.7c2323398383
exileapiGrpcVersion=1.81.0.1.20260515150837.7c2323398383

org.gradle.jvmargs=-Xmx4G

version=0.0.0-SNAPSHOT
