micronautVersion=4.7.6
micronautGradlePluginVersion=4.4.4

grpcVersion=1.68.1
protobufVersion=3.25.5
exileapiProtobufVersion=34.0.0.1.20260309165519.50251fbd242f
exileapiGrpcVersion=1.79.0.2.20260309165519.50251fbd242f

org.gradle.jvmargs=-Xmx4G

version=0.0.0-SNAPSHOT
