micronautVersion=4.7.6
micronautGradlePluginVersion=4.4.4

grpcVersion=1.68.1
protobufVersion=3.25.5
exileapiProtobufVersion=32.0.0.1.20250819171553.9d6ad479f9d3
exileapiGrpcVersion=1.74.0.1.20250819171553.9d6ad479f9d3

org.gradle.jvmargs=-Xmx4G

version=0.0.0-SNAPSHOT
