grpcVersion=1.68.1
protobufVersion=4.28.3

exileapiProtobufVersion=34.1.0.1.20260408174208.f723bbfb92f3
exileapiGrpcVersion=1.80.0.1.20260408174208.f723bbfb92f3

org.gradle.jvmargs=-Xmx4G

version=0.0.0-SNAPSHOT
