grpcVersion=1.81.0
protobufVersion=4.34.1

exileapiProtobufVersion=34.1.0.1.20260519162755.a00c24a57a23
exileapiGrpcVersion=1.81.0.1.20260519162755.a00c24a57a23

org.gradle.jvmargs=-Xmx4G

version=0.0.0-SNAPSHOT
