version=0.1.0

grpcVersion=1.68.1
protobufVersion=3.25.5
exileapiProtobufVersion=34.0.0.1.20260226164509.14e076e3cf5c
exileapiGrpcVersion=1.79.0.2.20260226164509.14e076e3cf5c
