micronautVersion=4.7.6
micronautGradlePluginVersion=4.4.4

grpcVersion=1.68.1
protobufVersion=3.25.5
exileapiProtobufVersion=32.1.0.1.20251017163946.fd24cf35e325
exileapiGrpcVersion=1.76.0.1.20251017163946.fd24cf35e325

org.gradle.jvmargs=-Xmx4G

version=0.0.0-SNAPSHOT
