grpcVersion=1.68.1
protobufVersion=4.28.3

exileapiProtobufVersion=34.1.0.1.20260408145342.461190882f3b
exileapiGrpcVersion=1.80.0.1.20260408145342.461190882f3b

org.gradle.jvmargs=-Xmx4G

version=0.0.0-SNAPSHOT
