grpcVersion=1.68.1
protobufVersion=3.25.5
exileapiProtobufVersion=33.4.0.1.20260114173504.d15b0c747d85
exileapiGrpcVersion=1.78.0.1.20260114173504.d15b0c747d85
