grpcVersion=1.80.0
protobufVersion=4.28.3

exileapiProtobufVersion=34.1.0.1.20260409155737.b9aa1a8dba14
exileapiGrpcVersion=1.80.0.1.20260409155737.b9aa1a8dba14

org.gradle.jvmargs=-Xmx4G

version=0.0.0-SNAPSHOT
