micronautVersion=4.7.6
micronautGradlePluginVersion=4.4.4

grpcVersion=1.68.1
protobufVersion=3.25.5
exileapiProtobufVersion=31.1.0.1.20250723145820.184ed9e11438
exileapiGrpcVersion=1.73.0.1.20250723145820.184ed9e11438

org.gradle.jvmargs=-Xmx4G

version=0.0.0-SNAPSHOT
