micronautVersion=4.7.6
micronautGradlePluginVersion=4.4.4

grpcVersion=1.68.1
protobufVersion=3.25.5
exileapiProtobufVersion=31.0.0.1.20250530171921.1f7a5b6eb4b6
exileapiGrpcVersion=1.73.0.1.20250530171921.1f7a5b6eb4b6

org.gradle.jvmargs=-Xmx4G

version=0.0.0-SNAPSHOT
