version=0.3.0-beta

grpcVersion=1.68.1
protobufVersion=3.25.5
exileapiProtobufVersion=34.1.0.1.20260323182149.1e342050752a
exileapiGrpcVersion=1.80.0.1.20260323182149.1e342050752a