micronautVersion=4.7.6
micronautGradlePluginVersion=4.4.4

grpcVersion=1.68.1
protobufVersion=3.25.5
exileapiProtobufVersion=33.1.0.1.20251120175649.db45a549ec2e
exileapiGrpcVersion=1.77.0.1.20251120175649.db45a549ec2e

org.gradle.jvmargs=-Xmx4G

version=0.0.0-SNAPSHOT
