micronautVersion=4.7.6
micronautGradlePluginVersion=4.4.4

grpcVersion=1.68.1
protobufVersion=3.25.5
exileapiProtobufVersion=33.4.0.1.20260114173504.d15b0c747d85
exileapiGrpcVersion=1.78.0.1.20260114173504.d15b0c747d85

org.gradle.jvmargs=-Xmx4G

version=0.0.0-SNAPSHOT
