micronautVersion=4.7.6
micronautGradlePluginVersion=4.4.4

grpcVersion=1.68.1
protobufVersion=3.25.5
exileapiProtobufVersion=31.1.0.1.20250813154512.67c9ef77bd16
exileapiGrpcVersion=1.74.0.1.20250813154512.67c9ef77bd16

org.gradle.jvmargs=-Xmx4G

version=0.0.0-SNAPSHOT
