micronautVersion=4.7.6
micronautGradlePluginVersion=4.4.4

grpcVersion=1.68.1
protobufVersion=3.25.5
exileapiProtobufVersion=33.5.0.1.20260222035450.651fb6c6923d
exileapiGrpcVersion=1.79.0.1.20260222035450.651fb6c6923d 

org.gradle.jvmargs=-Xmx4G

version=0.0.0-SNAPSHOT
